patternImage.patt 60  56  54  54  51  45  46  34  40  49  46  17  27  28  25  35
 26  39  33  31 186 188 174 187 162  32   2   6   9  11  17  31
 34  30  43  44   2  77 225 146  87 172 141  60  47  44  41  42
 54  63  58  56  14 131  49  38 171 153   4  30 105  31  53  58
 45  43 156  48  48 145 242 236  34  22  34  21   1   3  23 190
 49  45   9 113   5   1  74  78 134 101  15  47   2   4  47  52
 34  82 145  16  74  16  42  95  26  19 195   4 148 106  27  48
 51  45   4 132  75  96  57  86  37  19 125 116  16  18 110  25
 50  55  13   7  22  48  29  68 194 175  21  15   3  16  18  23
 55  44 161  24  13  14  12   8   0   1  44  13 143  24  19  23
 49  51  16 200  27   9   2   6   6  34   3   5   6  18  16  17
 84   2  76  12  19   6 146 138  14  73   4  94   6  29  36  40
 77  90  80  60  18  24  11   4  10 103   6  12   6  17  51  55
 77  77  80  61  53  59  42  46  14 241 185  24   9  35  47  47
 80  74  78  82  73  56  80  73  53   2   5 218  38  47  45  46
 73  75  76  75  73  81  75  76  60  44  47  46  42  42  45  43
 61  57  55  55  52  45  47  35  41  50  47  18  25  26  24  34
 25  37  32  30 190 192 180 189 162  35   4   6   9   9  16  29
 33  29  42  44   3  80 226 147  90 176 145  63  44  41  40  39
 55  61  56  57  14 133  51  38 172 154   5  35 106  33  52  53
 46  44 159  52  50 147 244 238  36  22  36  21   1   3  24 189
 50  45  11 116   7   3  76  79 136 102  16  47   2   4  45  48
 35  82 147  18  76  18  43  97  28  20 196   4 148 106  26  42
 51  46   4 132  77  97  59  86  39  21 127 117  16  18 110  24
 50  55  13   7  23  48  32  72 197 177  23  17   5  16  19  21
 56  45 161  24  13  14  10   8   1   3  46  15 145  25  20  21
 49  51  16 202  29   9   2   6   6  34   3   5   6  19  17  18
 83   3  76  10  19   6 146 140  14  73   4  94   6  30  34  39
 76  88  81  61  19  25  11   4  10 104   6  13   6  18  49  53
 78  76  82  62  54  60  43  46  16 242 188  28   9  33  45  46
 82  75  79  83  75  58  81  74  52   2   5 218  37  45  44  45
 74  77  77  77  74  79  74  76  59  45  45  45  40  40  43  42
 59  55  53  53  50  43  45  34  39  48  44  16  24  24  22  32
 23  36  28  26 191 193 181 191 164  33   4   6   9   8  14  27
 31  27  39  40   5  82 228 149  91 177 145  63  42  37  38  37
 53  60  55  55  14 133  51  38 174 156   7  37 108  32  50  50
 44  42 160  51  50 146 244 238  36  22  36  21   1   3  24 187
 48  45  11 118   7   3  75  81 136 104  18  47   2   4  44  47
 33  82 147  19  76  18  43  97  28  22 198   4 148 106  24  41
 49  44   4 132  78  99  58  86  38  21 127 119  16  18 110  22
 48  53  13   7  22  48  31  72 197 176  23  16   5  14  17  20
 54  43 161  24  13  14  10   8   0   3  46  14 145  23  18  20
 47  49  16 202  29   9   2   6   6  34   3   5   6  17  15  16
 79   1  76  10  19   6 146 140  14  73   4  94   6  28  33  37
 74  87  78  58  17  23  11   4  10 106   6  15   6  16  47  51
 76  74  78  60  52  58  41  45  16 244 190  29   9  32  44  44
 78  73  77  81  71  53  77  70  49   1   5 218  35  44  42  43
 70  72  73  72  70  78  70  74  55  43  44  43  38  38  42  40

 35  31  42  58 190  52  48  25  23  23  17  40  55  47  46  43
 25  17  41  53  23  47  27 110  18  19  16  36  51  47  45  45
 28  11  44  31   3   4 106  18  16  24  18  29  17  35  47  42
 27   9  47 105   1   2 148  16   3 143   6   6   6   9  38  42
 17   6  60  30  21  47   4 116  15  13   5  94  12  24 218  46
 46   2 141   4  34  15 195 125  21  44   3   4   6 185   5  47
 49  32 172 153  22 101  19  19 175   1  34  73 103 241   2  44
 40 162  87 171  34 134  26  37 194   0   6  14  10  14  53  60
 34 187 146  38 236  78  95  86  68   8   6 138   4  46  73  76
 46 174 225  49 242  74  42  57  29  12   2 146  11  42  80  75
 45 188  77 131 145   1  16  96  48  14   9   6  24  59  56  81
 51 186   2  14  48   5  74  75  22  13  27  19  18  53  73  73
 54  31  44  56  48 113  16 132   7  24 200  12  60  61  82  75
 54  33  43  58 156   9 145   4  13 161  16  76  80  80  78  76
 56  39  30  63  43  45  82  45  55  44  51   2  90  77  74  75
 60  26  34  54  45  49  34  51  50  55  49  84  77  77  80  73
 34  29  39  53 189  48  42  24  21  21  18  39  53  46  45  42
 24  16  40  52  24  45  26 110  19  20  17  34  49  45  44  43
 26   9  41  33   3   4 106  18  16  25  19  30  18  33  45  40
 25   9  44 106   1   2 148  16   5 145   6   6   6   9  37  40
 18   6  63  35  21  47   4 117  17  15   5  94  13  28 218  45
 47   4 145   5  36  16 196 127  23  46   3   4   6 188   5  45
 50  35 176 154  22 102  20  21 177   3  34  73 104 242   2  45
 41 162  90 172  36 136  28  39 197   1   6  14  10  16  52  59
 35 189 147  38 238  79  97  86  72   8   6 140   4  46  74  76
 47 180 226  51 244  76  43  59  32  10   2 146  11  43  81  74
 45 192  80 133 147   3  18  97  48  14   9   6  25  60  58  79
 52 190   3  14  50   7  76  77  23  13  29  19  19  54  75  74
 55  30  44  57  52 116  18 132   7  24 202  10  61  62  83  77
 55  32  42  56 159  11 147   4  13 161  16  76  81  82  79  77
 57  37  29  61  44  45  82  46  55  45  51   3  88  76  75  77
 61  25  33  55  46  50  35  51  50  56  49  83  76  78  82  74
 32  27  37  50 187  47  41  22  20  20  16  37  51  44  43  40
 22  14  38  50  24  44  24 110  17  18  15  33  47  44  42  42
 24   8  37  32   3   4 106  18  14  23  17  28  16  32  44  38
 24   9  42 108   1   2 148  16   5 145   6   6   6   9  35  38
 16   6  63  37  21  47   4 119  16  14   5  94  15  29 218  43
 44   4 145   7  36  18 198 127  23  46   3   4   6 190   5  44
 48  33 177 156  22 104  22  21 176   3  34  73 106 244   1  43
 39 164  91 174  36 136  28  38 197   0   6  14  10  16  49  55
 34 191 149  38 238  81  97  86  72   8   6 140   4  45  70  74
 45 181 228  51 244  75  43  58  31  10   2 146  11  41  77  70
 43 193  82 133 146   3  18  99  48  14   9   6  23  58  53  78
 50 191   5  14  50   7  76  78  22  13  29  19  17  52  71  70
 53  26  40  55  51 118  19 132   7  24 202  10  58  60  81  72
 53  28  39  55 160  11 147   4  13 161  16  76  78  78  77  73
 55  36  27  60  42  45  82  44  53  43  49   1  87  74  73  72
 59  23  31  53  44  48  33  49  48  54  47  79  74  76  78  70

 62  56  56  55  54  49  53  70  83  83  86  81  83  83  83  96
 44  43  38  31  45  35  19  49  71  74  64  72  78  75  70  75
 46  45  29  15  23 172 140  14  42  40  56  56  60  73  73  70
 50  44  21   6  27  40  68  47  16  20  23  44  71  51  81  72
 38  35  26   6  19  14  71  64 153 119  20  29  27  40  39  76
 20  20  22  16   9   4  95  42  48  41  25  59 108  24  40  54
 20  18  55  96  79  32  30  14   8  12  16  11  48  74  43  56
 21  19  37  42  48 109 103 109  82  55  55  34  23  19  39  48
 25  86  17  32  66  80  75  83  97  66  99 104  73  24  31  51
 45 102  58  32  22  80  41  55  83  79  26  49  75 101  82  62
 51  47  14   2  35  52  90  93  83  33  54  23  87  65  55  46
131  28  20   6  44  38  70  91 169 197 124  45  88 100  44  43
 70  67  66  41 129 118 103  38  58  51  49  91  60  52  54  50
 43  41  42  57 103 123 133 116 127 129 121  14  41  38  33  34
 27  23  15  10  25  51  87  96 128 137 149 105  31  34  34  26
 32  27  28  28  27  41  44  45  41  56  64  54  49  49  51  48
 60  54  54  53  53  49  54  68  84  83  84  82  84  84  84  97
 42  41  36  30  45  35  18  48  72  75  65  73  79  76  71  76
 44  43  28  15  26 175 142  14  43  41  57  57  61  74  72  71
 48  43  21   6  28  40  69  47  17  21  23  45  71  51  81  71
 36  35  27   6  19  14  71  64 155 119  20  28  26  40  40  76
 22  21  23  16   9   4  95  42  48  41  25  60 110  24  41  55
 19  19  56  97  80  34  32  16   7  12  16  11  48  74  44  57
 19  19  38  43  50 111 105 111  84  57  56  36  23  19  40  49
 22  84  17  33  68  82  77  87  99  68 101 106  75  24  31  52
 41 100  58  32  23  82  43  58  85  81  28  50  77 103  83  63
 48  46  14   2  36  53  90  95  85  35  56  24  90  69  56  47
131  28  20   6  45  40  71  93 171 199 127  47  92 104  44  44
 67  66  67  41 132 120 105  40  59  52  53  93  61  52  52  51
 40  39  40  55 106 128 138 120 129 132 125  15  41  36  31  33
 25  21  14  10  25  53  89  97 130 142 153 107  30  34  33  25
 30  25  26  27  28  42  45  46  41  57  66  55  50  50  51  49
 59  53  53  51  51  47  52  66  82  79  82  78  80  81  81  93
 41  40  35  29  45  35  18  46  69  71  61  69  76  74  68  72
 43  42  27  15  27 176 143  14  41  39  55  55  59  71  70  69
 47  42  19   6  28  41  69  47  17  20  22  43  70  50  80  70
 35  33  25   6  19  14  71  64 155 119  20  28  26  40  38  73
 20  19  21  16   9   4  95  42  48  41  25  60 110  24  39  53
 18  17  55  97  80  34  32  16   7  12  16  11  48  74  43  55
 18  18  37  43  50 111 105 111  84  57  56  35  23  19  39  47
 22  85  17  33  69  82  77  86  99  68 102 107  75  24  30  50
 40 100  58  32  23  83  44  58  85  81  28  51  78 103  83  61
 47  45  14   2  36  54  91  95  85  35  56  24  90  69  55  45
129  28  20   6  45  40  71  94 171 199 127  46  92 103  42  42
 64  66  66  41 133 121 106  41  60  52  52  93  59  51  51  49
 39  38  37  54 106 128 139 121 130 132 125  16  38  34  30  32
 24  20  13   9  25  53  88  98 131 142 153 108  27  30  31  23
 29  24  25  25  26  40  43  44  40  55  64  53  48  48  49  47

 96  75  71  73  76  54  56  48  52  65  46  43  51  35  26  48
 84  71  74  81  41  40  43  39  30  82  57  44  55  34  35  51
 83  76  73  53  39  24  73  20  25 105  66 104  53  39  34  49
 84  79  60  73  29 107  50  23  73  75  85  90  61  42  31  49
 82  72  58  43  30  60  12  34 103  50  24  44  94  16 109  55
 87  64  57  24  19  26  16  54  97  26  55 129  48 121 150  68
 83  75  41  21 119  43  13  52  69  83  34 206  51 127 140  58
 84  72  44  16 151  50   9  80 100  85  83 173  56 126 132  41
 70  49  15  45  65  43  16 109  86  55  93  92  39 114  99  46
 54  20 142  72  68  94  32 106  74  40  91  68 104 131  90  43
 51  35 175  41  15   4  33 111  80  80  55  37 121 122  53  40
 55  44  23  26  20   9  75  48  68  23  35  40 128 105  26  27
 55  32  16   6   7  17  94  43  32  35   2   5  42  56  11  28
 57  39  30  22  27  22  53  37  18  61  16  18  69  42  16  27
 57  44  45  45  36  21  19  19  81 102  48  27  69  42  24  27
 63  45  47  51  39  21  20  21  26  45  52 130  71  44  28  31
 97  76  71  71  76  55  57  49  53  66  47  44  51  34  25  49
 85  72  72  81  41  41  44  40  31  83  58  45  53  32  33  51
 84  77  74  53  39  24  73  20  25 106  69 107  53  38  34  50
 85  80  61  73  28 109  51  23  74  77  88  95  62  42  30  50
 83  73  59  44  30  62  12  35 105  51  25  46  95  18 111  56
 86  65  58  24  19  26  16  55  99  27  57 132  52 124 155  70
 83  76  42  22 119  43  12  53  70  85  36 208  52 130 145  59
 85  73  45  17 153  50   8  83 102  87  85 175  57 128 135  42
 69  48  16  45  65  43  18 111  89  58  95  94  41 118 100  46
 55  20 144  73  68  94  33 108  76  42  92  69 106 136  92  44
 50  36 178  41  15   4  34 113  82  82  57  39 123 127  55  41
 54  44  26  27  20   9  77  50  70  23  36  41 131 108  26  28
 54  31  16   7   7  17  96  44  32  35   2   5  42  54  10  26
 55  37  29  22  28  23  54  38  18  61  16  18  70  40  14  25
 55  42  43  43  35  22  20  19  80 100  47  27  68  40  22  25
 61  43  45  49  37  22  20  20  23  41  48 129  67  41  26  29
 93  73  70  70  73  53  55  47  51  64  46  42  50  33  24  47
 82  69  71  80  40  39  43  39  30  83  58  42  52  31  31  49
 81  75  71  52  39  24  73  20  25 107  70 107  51  35  30  47
 81  76  59  72  28 109  51  23  74  78  88  94  60  39  27  48
 79  69  57  43  30  62  12  34 106  52  25  45  95  18 112  55
 84  61  56  23  19  26  16  55 100  27  57 132  51 125 155  68
 79  72  40  21 119  43  12  53  70  85  36 208  52 130 145  57
 83  69  43  17 153  50   8  83 101  88  86 175  58 129 136  41
 66  46  16  45  65  43  18 111  89  58  95  94  42 119 100  45
 53  19 145  73  68  94  33 108  76  43  92  69 107 137  92  42
 49  36 179  42  15   4  34 113  82  83  58  39 124 127  55  39
 52  44  28  28  20   9  77  50  71  23  36  41 132 108  26  26
 52  30  16   6   7  17  96  44  32  35   2   5  43  53  10  25
 54  36  28  20  26  22  53  37  18  61  16  18  69  38  13  24
 54  41  42  42  34  20  18  18  80 100  46  27  68  38  21  24
 61  42  44  48  36  20  18  19  22  40  47 128  65  40  25  28
